-------------------------------------
Iteration 0: Points:
Point 0: [0.8, 0.8, 0.8, 0.8]
Point 1: [1.1147, 1.2058, 0.427, 1.2134]

Modeling Polynomials:
Modeling 0: [0.3600000000000001, 3.273842675564029, 0, 0, 0, 0, 0, 0, 0, 0, 0, 0, 0, 0, 0]
Modeling 1: [2.5600000000000005, 5.691700953288845, 0, 0, 0, 0, 0, 0, 0, 0, 0, 0, 0, 0, 0]

Pivot Polynomials:
Pivot 0: [1, 0, 0, 0, 0, 0, 0, 0, 0, 0, 0, 0, 0, 0, 0]
Pivot 1: [0, 3.1776294884016525, 0, 0, 0, 0, 0, 0, 0, 0, 0, 0, 0, 0, 0]
Pivot 2: [0, -1.2894820463933905, 1, 0, 0, 0, 0, 0, 0, 0, 0, 0, 0, 0, 0]
Pivot 3: [0, 1.1852557991738166, 0, 1, 0, 0, 0, 0, 0, 0, 0, 0, 0, 0, 0]
Pivot 4: [0, -1.3136320305052431, 0, 0, 1, 0, 0, 0, 0, 0, 0, 0, 0, 0, 0]
Pivot 5: [0, 0, 0, 0, 0, 2, 0, 0, 0, 0, 0, 0, 0, 0, 0]
Pivot 6: [0, 0, 0, 0, 0, 0, 1, 0, 0, 0, 0, 0, 0, 0, 0]
Pivot 7: [0, 0, 0, 0, 0, 0, 0, 0, 1, 0, 0, 0, 0, 0, 0]
Pivot 8: [0, 0, 0, 0, 0, 0, 0, 0, 0, 0, 0, 1, 0, 0, 0]
Pivot 9: [0, 0, 0, 0, 0, 0, 0, 2, 0, 0, 0, 0, 0, 0, 0]
Pivot 10: [0, 0, 0, 0, 0, 0, 0, 0, 0, 1, 0, 0, 0, 0, 0]
Pivot 11: [0, 0, 0, 0, 0, 0, 0, 0, 0, 0, 0, 0, 1, 0, 0]
Pivot 12: [0, 0, 0, 0, 0, 0, 0, 0, 0, 0, 2, 0, 0, 0, 0]
Pivot 13: [0, 0, 0, 0, 0, 0, 0, 0, 0, 0, 0, 0, 0, 1, 0]
Pivot 14: [0, 0, 0, 0, 0, 0, 0, 0, 0, 0, 0, 0, 0, 0, 2]
TR Center: 0
-------------------------------------
Iteration 1: Points:
Point 0: [0.8, 0.8, 0.8, 0.8]
Point 1: [1.1147, 1.2058, 0.427, 1.2134]
Point 2: [0.3502223287889447, 0.3502223287889447, 0.3502223287889447, 0.3502223287889447]

Modeling Polynomials:
Modeling 0: [0.08973340317362877, -8.632682831062413, 9.23357214621819, 0, 0, 0, 0, 0, 0, 0, 0, 0, 0, 0, 0]
Modeling 1: [0.4906227183294094, 0.8327397814512878, 3.768149533704486, 0, 0, 0, 0, 0, 0, 0, 0, 0, 0, 0, 0]

Pivot Polynomials:
Pivot 0: [1, 0, 0, 0, 0, 0, 0, 0, 0, 0, 0, 0, 0, 0, 0]
Pivot 1: [0, -10.97694840834249, 10.97694840834249, 0, 0, 0, 0, 0, 0, 0, 0, 0, 0, 0, 0]
Pivot 2: [0, -9.903661184672623, 7.680340499794172, 0, 0, 0, 0, 0, 0, 0, 0, 0, 0, 0, 0]
Pivot 3: [0, 1.1852557991738166, 0, 1, 0, 0, 0, 0, 0, 0, 0, 0, 0, 0, 0]
Pivot 4: [0, -1.3136320305052431, 0, 0, 1, 0, 0, 0, 0, 0, 0, 0, 0, 0, 0]
Pivot 5: [0, 0, 0, 0, 0, 2, 0, 0, 0, 0, 0, 0, 0, 0, 0]
Pivot 6: [0, 0, 0, 0, 0, 0, 1, 0, 0, 0, 0, 0, 0, 0, 0]
Pivot 7: [0, 0, 0, 0, 0, 0, 0, 0, 1, 0, 0, 0, 0, 0, 0]
Pivot 8: [0, 0, 0, 0, 0, 0, 0, 0, 0, 0, 0, 1, 0, 0, 0]
Pivot 9: [0, 0, 0, 0, 0, 0, 0, 2, 0, 0, 0, 0, 0, 0, 0]
Pivot 10: [0, 0, 0, 0, 0, 0, 0, 0, 0, 1, 0, 0, 0, 0, 0]
Pivot 11: [0, 0, 0, 0, 0, 0, 0, 0, 0, 0, 0, 0, 1, 0, 0]
Pivot 12: [0, 0, 0, 0, 0, 0, 0, 0, 0, 0, 2, 0, 0, 0, 0]
Pivot 13: [0, 0, 0, 0, 0, 0, 0, 0, 0, 0, 0, 0, 0, 1, 0]
Pivot 14: [0, 0, 0, 0, 0, 0, 0, 0, 0, 0, 0, 0, 0, 0, 2]
TR Center: 2
-------------------------------------
Iteration 2: Points:
Point 0: [0.8, 0.8, 0.8, 0.8]
Point 1: [1.1147, 1.2058, 0.427, 1.2134]
Point 2: [0.3502223287889447, 0.3502223287889447, 0.3502223287889447, 0.3502223287889447]
Point 3: [-0.6497776712110552, 1.3502223287889448, 1.3502223287889448, -0.6497776712110552]

Modeling Polynomials:
Modeling 0: [0.08973340317362943, -1.6995553424221088, 3.1114460882598722, -0.8110014306819875, 0, 0, 0, 0, 0, 0, 0, 0, 0, 0, 0]
Modeling 1: [0.4906227183294125, 0.3004446575778875, 4.238179524315339, 0.06226513326254052, 0, 0, 0, 0, 0, 0, 0, 0, 0, 0, 0]

Pivot Polynomials:
Pivot 0: [1, 0, 0, 0, 0, 0, 0, 0, 0, 0, 0, 0, 0, 0, 0]
Pivot 1: [0, -4.996003610813204e-16, 1.2840267077555212, -1.2840267077555225, 0, 0, 0, 0, 0, 0, 0, 0, 0, 0, 0]
Pivot 2: [0, -0.6116603424392262, -0.524730094972015, -1.0869302474672091, 0, 0, 0, 0, 0, 0, 0, 0, 0, 0, 0]
Pivot 3: [0, -0.4999999999999994, 0.4415125834617355, 0.05848741653826393, 0, 0, 0, 0, 0, 0, 0, 0, 0, 0, 0]
Pivot 4: [0, -1.3136320305052431, 0, 0, 1, 0, 0, 0, 0, 0, 0, 0, 0, 0, 0]
Pivot 5: [0, 0, 0, 0, 0, 2, 0, 0, 0, 0, 0, 0, 0, 0, 0]
Pivot 6: [0, 0, 0, 0, 0, 0, 1, 0, 0, 0, 0, 0, 0, 0, 0]
Pivot 7: [0, 0, 0, 0, 0, 0, 0, 0, 1, 0, 0, 0, 0, 0, 0]
Pivot 8: [0, 0, 0, 0, 0, 0, 0, 0, 0, 0, 0, 1, 0, 0, 0]
Pivot 9: [0, 0, 0, 0, 0, 0, 0, 2, 0, 0, 0, 0, 0, 0, 0]
Pivot 10: [0, 0, 0, 0, 0, 0, 0, 0, 0, 1, 0, 0, 0, 0, 0]
Pivot 11: [0, 0, 0, 0, 0, 0, 0, 0, 0, 0, 0, 0, 1, 0, 0]
Pivot 12: [0, 0, 0, 0, 0, 0, 0, 0, 0, 0, 2, 0, 0, 0, 0]
Pivot 13: [0, 0, 0, 0, 0, 0, 0, 0, 0, 0, 0, 0, 0, 1, 0]
Pivot 14: [0, 0, 0, 0, 0, 0, 0, 0, 0, 0, 0, 0, 0, 0, 2]
TR Center: 2
-------------------------------------
Iteration 3: Points:
Point 0: [0.8, 0.8, 0.8, 0.8]
Point 1: [1.1147, 1.2058, 0.427, 1.2134]
Point 2: [0.3502223287889447, 0.3502223287889447, 0.3502223287889447, 0.3502223287889447]
Point 3: [-0.6497776712110552, 1.3502223287889448, 1.3502223287889448, -0.6497776712110552]
Point 4: [-0.6497776712110552, -0.6497776712110552, 1.3502223287889448, 1.3502223287889448]

Modeling Polynomials:
Modeling 0: [0.08973340317362921, -4.461030229643521, 2.7614748872214117, -0.46103022964352647, 2.7614748872214125, 0, 0, 0, 0, 0, 0, 0, 0, 0, 0]
Modeling 1: [0.49062271832941207, -3.461030229643521, 3.761474887221409, 0.5389697703564712, 3.761474887221409, 0, 0, 0, 0, 0, 0, 0, 0, 0, 0]

Pivot Polynomials:
Pivot 0: [1, 0, 0, 0, 0, 0, 0, 0, 0, 0, 0, 0, 0, 0, 0]
Pivot 1: [0, -1.1396011396011398, 1.1396011396011396, -1.1396011396011407, 1.1396011396011394, 0, 0, 0, 0, 0, 0, 0, 0, 0, 0]
Pivot 2: [0, -0.14595117097004642, -0.4657091714691798, -1.1459511709700443, -0.46570917146917973, 0, 0, 0, 0, 0, 0, 0, 0, 0, 0]
Pivot 3: [0, -0.44809116809116756, 0.44809116809116756, 0.05190883190883185, -0.05190883190883182, 0, 0, 0, 0, 0, 0, 0, 0, 0, 0]
Pivot 4: [0, -0.44376068376068367, -0.0562393162393162, 0.056239316239316224, 0.44376068376068367, 0, 0, 0, 0, 0, 0, 0, 0, 0, 0]
Pivot 5: [0, 0, 0, 0, 0, 2, 0, 0, 0, 0, 0, 0, 0, 0, 0]
Pivot 6: [0, 0, 0, 0, 0, 0, 1, 0, 0, 0, 0, 0, 0, 0, 0]
Pivot 7: [0, 0, 0, 0, 0, 0, 0, 0, 1, 0, 0, 0, 0, 0, 0]
Pivot 8: [0, 0, 0, 0, 0, 0, 0, 0, 0, 0, 0, 1, 0, 0, 0]
Pivot 9: [0, 0, 0, 0, 0, 0, 0, 2, 0, 0, 0, 0, 0, 0, 0]
Pivot 10: [0, 0, 0, 0, 0, 0, 0, 0, 0, 1, 0, 0, 0, 0, 0]
Pivot 11: [0, 0, 0, 0, 0, 0, 0, 0, 0, 0, 0, 0, 1, 0, 0]
Pivot 12: [0, 0, 0, 0, 0, 0, 0, 0, 0, 0, 2, 0, 0, 0, 0]
Pivot 13: [0, 0, 0, 0, 0, 0, 0, 0, 0, 0, 0, 0, 0, 1, 0]
Pivot 14: [0, 0, 0, 0, 0, 0, 0, 0, 0, 0, 0, 0, 0, 0, 2]
TR Center: 2
-------------------------------------
Iteration 4: Points:
Point 0: [0.8, 0.8, 0.8, 0.8]
Point 1: [1.1147, 1.2058, 0.427, 1.2134]
Point 2: [0.3502223287889447, 0.3502223287889447, 0.3502223287889447, 0.3502223287889447]
Point 3: [-0.6497776712110552, 1.3502223287889448, 1.3502223287889448, -0.6497776712110552]
Point 4: [-0.6497776712110552, -0.6497776712110552, 1.3502223287889448, 1.3502223287889448]
Point 5: [1.3502223287889448, -0.6497776712110552, 1.3502223287889448, -0.6497776712110552]

Modeling Polynomials:
Modeling 0: [0.08973340317362792, -0.21325021227869245, -0.12324388262966596, 0.5485415374848162, -0.11600109756739846, 1.449918815862286, 0.022939369313503266, 1.606911963148797, -0.6026393572322714, -0.6020988472046055, 0.8345162141954496, 0.029961270622205716, 0.1205081102988983, -0.6023197309581705, 1.6208070133997037]
Modeling 1: [0.4906227183294068, 0.4956261578159372, 0.5645912259156183, 1.3910302434353141, 0.5701408263381484, 1.6762020204886285, 0.27111472717983937, 1.7964940392390518, -0.2082191112976835, -0.20780495919291592, 1.2046653796971287, 0.2764950810264218, 0.3458743012308705, -0.2079742057688638, 1.807140769202811]

Pivot Polynomials:
Pivot 0: [1, 0, 0, 0, 0, 0, 0, 0, 0, 0, 0, 0, 0, 0, 0]
Pivot 1: [0, -1.1396011396011398, 1.1396011396011396, -1.1396011396011407, 1.1396011396011394, 0, 0, 0, 0, 0, 0, 0, 0, 0, 0]
Pivot 2: [0, -0.14595117097004642, -0.4657091714691798, -1.1459511709700443, -0.46570917146917973, 0, 0, 0, 0, 0, 0, 0, 0, 0, 0]
Pivot 3: [0, -0.44809116809116756, 0.44809116809116756, 0.05190883190883185, -0.05190883190883182, 0, 0, 0, 0, 0, 0, 0, 0, 0, 0]
Pivot 4: [0, -0.44376068376068367, -0.0562393162393162, 0.056239316239316224, 0.44376068376068367, 0, 0, 0, 0, 0, 0, 0, 0, 0, 0]
Pivot 5: [0, 0.5146176708954237, -0.2149028499115883, 0.0299482893312589, -0.21490284991158834, 0.5102977215143056, 0, 0, 0, 0, 0, 0, 0, 0, 0]
Pivot 6: [0, 0, 0, 0, 0, 0, 1, 0, 0, 0, 0, 0, 0, 0, 0]
Pivot 7: [0, 0, 0, 0, 0, 0, 0, 0, 1, 0, 0, 0, 0, 0, 0]
Pivot 8: [0, 0, 0, 0, 0, 0, 0, 0, 0, 0, 0, 1, 0, 0, 0]
Pivot 9: [0, 0, 0, 0, 0, 0, 0, 2, 0, 0, 0, 0, 0, 0, 0]
Pivot 10: [0, 0, 0, 0, 0, 0, 0, 0, 0, 1, 0, 0, 0, 0, 0]
Pivot 11: [0, 0, 0, 0, 0, 0, 0, 0, 0, 0, 0, 0, 1, 0, 0]
Pivot 12: [0, 0, 0, 0, 0, 0, 0, 0, 0, 0, 2, 0, 0, 0, 0]
Pivot 13: [0, 0, 0, 0, 0, 0, 0, 0, 0, 0, 0, 0, 0, 1, 0]
Pivot 14: [0, 0, 0, 0, 0, 0, 0, 0, 0, 0, 0, 0, 0, 0, 2]
TR Center: 2
